.MDS 0.95

Model "ps030" {
	BoundingBox -220.169800 0.537964 -274.737885 220.171509 552.483032 88.253197
	Bone "Bone-0" {
		RotateZYX 		RotateQ -0.000000 1.000000 0.000000 0.000000
	}
	Bone "Bone-1" {
		ParentBone "ParentBoneBone-0_Bone"
		RotateZYX 		RotateQ 0.000000 0.000000 0.000000 1.000000
	}
	Bone "Bone-2" {
		BoundingBox -13.166435 496.877930 3.110291 13.156178 505.697754 10.749588
		ParentBone "ParentBoneBone-1_Bone"
		BlendBones 1"Bone-75_Bone"
		BlendOffsets 1 \
			0.000000 0.000000 1.000000 0.000000 \
			0.993571 -0.113201 -0.000000 0.000000 \
			0.113201 0.993571 -0.000000 0.000000 \
			-468.619690 62.785137 0.000497 1.000000
		RotateZYX 		RotateQ -0.000000 -0.000000 -0.000000 1.000000
		DrawPart "Part-0"
		DrawPart "Part-0_0"
	}
	Bone "Bone-3" {
		BoundingBox -220.171509 0.537964 -56.019348 220.169800 552.483032 42.897903
		ParentBone "ParentBoneBone-1_Bone"
		BlendBones 49"Bone-82_Bone""Bone-75_Bone""Bone-33_Bone""Bone-36_Bone""Bone-43_Bone""Bone-47_Bone""Bone-51_Bone""Bone-52_Bone""Bone-53_Bone""Bone-48_Bone""Bone-49_Bone""Bone-44_Bone""Bone-45_Bone""Bone-14_Bone""Bone-15_Bone""Bone-13_Bone""Bone-32_Bone""Bone-34_Bone""Bone-29_Bone""Bone-25_Bone""Bone-59_Bone""Bone-62_Bone""Bone-67_Bone""Bone-63_Bone""Bone-71_Bone""Bone-72_Bone""Bone-73_Bone""Bone-68_Bone""Bone-69_Bone""Bone-64_Bone""Bone-65_Bone""Bone-21_Bone""Bone-22_Bone""Bone-20_Bone""Bone-58_Bone""Bone-60_Bone""Bone-55_Bone""Bone-56_Bone""Bone-27_Bone""Bone-11_Bone""Bone-10_Bone""Bone-7_Bone""Bone-9_Bone""Bone-24_Bone""Bone-17_Bone""Bone-30_Bone""Bone-18_Bone""Bone-78_Bone""Bone-80_Bone"
		BlendOffsets 49 \
			0.000000 0.000000 -1.000000 0.000000 \
			-0.373301 0.927709 -0.000000 0.000000 \
			0.927709 0.373301 0.000000 0.000000 \
			188.248154 -444.683655 -0.000513 1.000000 \
			0.000000 0.000000 1.000000 0.000000 \
			0.993571 -0.113201 -0.000000 0.000000 \
			0.113201 0.993571 -0.000000 0.000000 \
			-468.619690 62.785137 0.000497 1.000000 \
			-0.694453 -0.004406 0.719523 0.000000 \
			-0.719504 -0.005339 -0.694467 0.000000 \
			0.006902 -0.999975 0.000538 0.000000 \
			182.577927 -29.799332 337.681091 1.000000 \
			-0.694453 0.719519 0.004979 0.000000 \
			-0.719504 -0.694471 0.004786 0.000000 \
			0.006902 -0.000258 0.999975 0.000000 \
			110.912613 337.657166 30.068111 1.000000 \
			-0.694453 0.719523 0.004406 0.000000 \
			-0.719504 -0.694467 0.005339 0.000000 \
			0.006902 0.000538 0.999974 0.000000 \
			78.384575 340.968719 34.117264 1.000000 \
			-0.694453 0.719523 0.004406 0.000000 \
			-0.719504 -0.694467 0.005339 0.000000 \
			0.006902 0.000538 0.999974 0.000000 \
			78.384552 340.529846 20.433969 1.000000 \
			-0.302693 -0.301907 0.904006 0.000000 \
			-0.848518 -0.346590 -0.399863 0.000000 \
			0.434042 -0.888101 -0.151264 0.000000 \
			213.826584 35.710644 276.504578 1.000000 \
			-0.302693 -0.301907 0.904006 0.000000 \
			-0.848518 -0.346590 -0.399863 0.000000 \
			0.434042 -0.888101 -0.151264 0.000000 \
			196.890808 35.710606 276.504578 1.000000 \
			-0.302693 -0.301907 0.904006 0.000000 \
			-0.848517 -0.346590 -0.399863 0.000000 \
			0.434042 -0.888101 -0.151264 0.000000 \
			187.727783 35.710522 276.504578 1.000000 \
			-0.694453 0.719523 0.004406 0.000000 \
			-0.719503 -0.694467 0.005340 0.000000 \
			0.006902 0.000538 0.999974 0.000000 \
			64.900154 340.529877 20.433956 1.000000 \
			-0.694453 0.719523 0.004406 0.000000 \
			-0.719503 -0.694467 0.005340 0.000000 \
			0.006901 0.000538 0.999974 0.000000 \
			53.456112 340.529846 20.433952 1.000000 \
			-0.694453 0.719523 0.004406 0.000000 \
			-0.719503 -0.694467 0.005340 0.000000 \
			0.006902 0.000538 0.999974 0.000000 \
			66.511787 340.968811 34.117241 1.000000 \
			-0.694453 0.719523 0.004406 0.000000 \
			-0.719503 -0.694467 0.005340 0.000000 \
			0.006901 0.000538 0.999974 0.000000 \
			54.638947 340.968781 34.117241 1.000000 \
			0.000001 -0.121870 -0.992547 0.000000 \
			-1.000000 -0.000000 -0.000001 0.000000 \
			0.000000 0.992546 -0.121870 0.000000 \
			36.081429 17.824642 -30.068520 1.000000 \
			-0.121870 0.000003 -0.992547 0.000000 \
			0.000001 1.000000 0.000003 0.000000 \
			0.992546 -0.000000 -0.121870 0.000000 \
			-26.433813 -0.469577 -30.068621 1.000000 \
			-0.006235 -0.000266 -0.999981 0.000000 \
			-0.996290 -0.085834 0.006235 0.000000 \
			-0.085834 0.996309 0.000271 0.000000 \
			156.689285 24.367100 -27.890806 1.000000 \
			-0.693259 0.040950 0.719523 0.000000 \
			-0.718317 0.041654 -0.694467 0.000000 \
			-0.058410 -0.998292 0.000538 0.000000 \
			264.380402 -41.657818 337.681152 1.000000 \
			0.369546 0.617921 0.693980 0.000000 \
			0.235939 0.659972 -0.713279 0.000000 \
			-0.898758 0.427327 0.098098 0.000000 \
			-74.420860 -141.298462 347.590118 1.000000 \
			-0.891330 0.000000 0.453354 0.000000 \
			-0.453337 -0.008726 -0.891296 0.000000 \
			0.003956 -0.999961 0.007778 0.000000 \
			195.477554 -22.606039 406.318390 1.000000 \
			0.000000 0.000000 1.000000 0.000000 \
			0.999968 0.007930 -0.000000 0.000000 \
			-0.007930 0.999968 0.000000 0.000000 \
			-405.289001 10.041221 0.000382 1.000000 \
			0.694441 -0.006167 0.719522 0.000000 \
			-0.719501 0.005615 0.694468 0.000000 \
			-0.008323 -0.999964 -0.000538 0.000000 \
			182.101517 -32.562229 -337.681702 1.000000 \
			0.694441 -0.719527 -0.005594 0.000000 \
			-0.719501 -0.694464 0.006168 0.000000 \
			-0.008323 -0.000259 -0.999964 0.000000 \
			110.436195 337.655640 -32.831017 1.000000 \
			0.694441 -0.719522 -0.006167 0.000000 \
			-0.719501 -0.694468 0.005615 0.000000 \
			-0.008323 0.000538 -0.999964 0.000000 \
			77.908020 340.530731 -23.196884 1.000000 \
			0.694441 -0.719522 -0.006167 0.000000 \
			-0.719501 -0.694468 0.005615 0.000000 \
			-0.008323 0.000538 -0.999964 0.000000 \
			77.908043 340.969666 -36.880180 1.000000 \
			0.307210 0.292479 0.905580 0.000000 \
			-0.853207 -0.336826 0.398228 0.000000 \
			0.421497 -0.894987 0.146069 0.000000 \
			215.850479 33.105465 -273.551514 1.000000 \
			0.307210 0.292479 0.905581 0.000000 \
			-0.853206 -0.336826 0.398228 0.000000 \
			0.421497 -0.894987 0.146069 0.000000 \
			198.914719 33.105484 -273.551514 1.000000 \
			0.307210 0.292479 0.905581 0.000000 \
			-0.853206 -0.336826 0.398228 0.000000 \
			0.421497 -0.894987 0.146068 0.000000 \
			189.751816 33.105503 -273.551544 1.000000 \
			0.694441 -0.719522 -0.006167 0.000000 \
			-0.719501 -0.694468 0.005615 0.000000 \
			-0.008323 0.000538 -0.999964 0.000000 \
			64.423592 340.530670 -23.196884 1.000000 \
			0.694442 -0.719522 -0.006167 0.000000 \
			-0.719500 -0.694469 0.005615 0.000000 \
			-0.008323 0.000538 -0.999964 0.000000 \
			52.979572 340.530762 -23.196880 1.000000 \
			0.694441 -0.719522 -0.006167 0.000000 \
			-0.719501 -0.694468 0.005615 0.000000 \
			-0.008323 0.000538 -0.999964 0.000000 \
			66.035301 340.969666 -36.880184 1.000000 \
			0.694442 -0.719522 -0.006167 0.000000 \
			-0.719500 -0.694469 0.005615 0.000000 \
			-0.008323 0.000538 -0.999964 0.000000 \
			54.162453 340.969696 -36.880177 1.000000 \
			0.000001 0.121869 -0.992547 0.000000 \
			-1.000000 0.000000 -0.000001 0.000000 \
			0.000000 0.992546 0.121869 0.000000 \
			36.081188 17.824705 30.067862 1.000000 \
			0.121869 -0.000001 -0.992547 0.000000 \
			0.000000 1.000000 -0.000000 0.000000 \
			0.992546 -0.000000 0.121869 0.000000 \
			-26.433725 -0.469491 30.067759 1.000000 \
			0.006232 0.000264 -0.999981 0.000000 \
			-0.996290 -0.085835 -0.006232 0.000000 \
			-0.085834 0.996309 -0.000272 0.000000 \
			156.689224 24.367067 27.889929 1.000000 \
			0.693267 -0.040841 0.719522 0.000000 \
			-0.718322 0.041541 0.694468 0.000000 \
			-0.058253 -0.998301 -0.000538 0.000000 \
			264.385956 -41.616116 -337.681763 1.000000 \
			-0.369542 -0.617921 0.693982 0.000000 \
			0.235940 0.659975 0.713277 0.000000 \
			-0.898760 0.427324 -0.098096 0.000000 \
			-74.421005 -141.299103 -347.589691 1.000000 \
			0.891329 0.000000 0.453357 0.000000 \
			-0.453339 -0.008727 0.891295 0.000000 \
			0.003957 -0.999961 -0.007778 0.000000 \
			195.478149 -22.605923 -406.318207 1.000000 \
			0.615646 -0.788022 -0.000002 0.000000 \
			0.788022 0.615646 0.000001 0.000000 \
			0.000001 -0.000002 0.999999 0.000000 \
			-376.424377 -224.849365 24.149433 1.000000 \
			0.000000 0.000000 1.000000 0.000000 \
			0.981474 -0.191590 -0.000000 0.000000 \
			0.191590 0.981475 -0.000000 0.000000 \
			-439.725464 99.727867 0.000606 1.000000 \
			0.000000 -0.000000 -1.000001 0.000000 \
			-0.541701 0.840571 -0.000000 0.000000 \
			0.840571 0.541701 0.000000 0.000000 \
			88.090729 -133.141312 -27.377211 1.000000 \
			-0.006238 0.000174 -0.999981 0.000000 \
			-0.999861 -0.015507 0.006235 0.000000 \
			-0.015505 0.999879 0.000271 0.000000 \
			299.781464 13.279476 -27.890812 1.000000 \
			0.000000 -0.000000 1.000000 0.000000 \
			1.000000 0.000000 -0.000000 0.000000 \
			-0.000000 1.000000 0.000000 0.000000 \
			-300.119324 8.622163 0.000040 1.000000 \
			0.000000 0.000000 1.000000 0.000000 \
			0.998183 0.060254 -0.000000 0.000000 \
			-0.060254 0.998183 0.000000 0.000000 \
			-329.964996 -11.250352 0.000386 1.000000 \
			0.000000 0.000000 1.000000 0.000000 \
			0.998183 0.060253 -0.000000 0.000000 \
			-0.060253 0.998183 0.000000 0.000000 \
			-367.091095 -11.219920 0.000391 1.000000 \
			0.006235 -0.000175 -0.999981 0.000000 \
			-0.999861 -0.015506 -0.006232 0.000000 \
			-0.015505 0.999880 -0.000272 0.000000 \
			299.781372 13.279428 27.889925 1.000000 \
			-0.615643 0.788024 0.000001 0.000000 \
			0.788024 0.615643 -0.000000 0.000000 \
			-0.000001 0.000001 -0.999999 0.000000 \
			-376.424896 -224.848618 -24.149555 1.000000 \
			0.000000 -0.000000 -1.000000 0.000000 \
			-0.541701 0.840571 -0.000000 0.000000 \
			0.840571 0.541701 0.000000 0.000000 \
			88.090668 -133.141235 27.376450 1.000000 \
			-0.104530 0.000001 -0.994522 0.000000 \
			0.184247 0.982688 -0.019364 0.000000 \
			0.977305 -0.185261 -0.102721 0.000000 \
			-87.896675 -493.195740 0.437963 1.000000 \
			0.095844 -0.000001 -0.995397 0.000000 \
			0.185880 0.982409 0.017897 0.000000 \
			0.977886 -0.186739 0.094158 0.000000 \
			-88.646736 -493.131226 0.241395 1.000000
		RotateZYX 		RotateQ -0.000000 -0.000000 -0.000000 1.000000
		DrawPart "Part-1"
		DrawPart "Part-5"
		DrawPart "Part-6"
		DrawPart "Part-7"
		DrawPart "Part-8"
		DrawPart "Part-9"
		DrawPart "Part-10"
		DrawPart "Part-11"
		DrawPart "Part-12"
		DrawPart "Part-13"
		DrawPart "Part-14"
		DrawPart "Part-15"
		DrawPart "Part-16"
		DrawPart "Part-17"
		DrawPart "Part-18"
		DrawPart "Part-1_0"
		DrawPart "Part-1_1"
		DrawPart "Part-5_0"
		DrawPart "Part-5_1"
		DrawPart "Part-6_0"
		DrawPart "Part-6_1"
		DrawPart "Part-6_2"
		DrawPart "Part-6_3"
		DrawPart "Part-7_0"
		DrawPart "Part-7_1"
		DrawPart "Part-8_0"
		DrawPart "Part-8_1"
		DrawPart "Part-9_0"
		DrawPart "Part-10_0"
		DrawPart "Part-10_1"
		DrawPart "Part-11_0"
		DrawPart "Part-11_1"
		DrawPart "Part-12_0"
		DrawPart "Part-12_1"
		DrawPart "Part-13_0"
		DrawPart "Part-13_1"
		DrawPart "Part-14_0"
		DrawPart "Part-15_0"
		DrawPart "Part-15_1"
		DrawPart "Part-15_2"
		DrawPart "Part-15_3"
		DrawPart "Part-16_0"
		DrawPart "Part-16_1"
		DrawPart "Part-17_0"
		DrawPart "Part-18_0"
		DrawPart "Part-18_1"
	}
	Bone "Bone-4" {
		BoundingBox -220.171509 0.537964 -56.019348 220.169800 552.483032 42.897903
		ParentBone "ParentBoneBone-1_Bone"
		BlendBones 18"Bone-82_Bone""Bone-53_Bone""Bone-49_Bone""Bone-45_Bone""Bone-44_Bone""Bone-15_Bone""Bone-11_Bone""Bone-30_Bone""Bone-34_Bone""Bone-73_Bone""Bone-69_Bone""Bone-65_Bone""Bone-64_Bone""Bone-22_Bone""Bone-18_Bone""Bone-56_Bone""Bone-60_Bone""Bone-75_Bone"
		BlendOffsets 18 \
			0.000000 0.000000 -1.000000 0.000000 \
			-0.373301 0.927709 -0.000000 0.000000 \
			0.927709 0.373301 0.000000 0.000000 \
			188.248154 -444.683655 -0.000513 1.000000 \
			-0.302693 -0.301907 0.904006 0.000000 \
			-0.848517 -0.346590 -0.399863 0.000000 \
			0.434042 -0.888101 -0.151264 0.000000 \
			187.727783 35.710522 276.504578 1.000000 \
			-0.694453 0.719523 0.004406 0.000000 \
			-0.719503 -0.694467 0.005340 0.000000 \
			0.006901 0.000538 0.999974 0.000000 \
			53.456112 340.529846 20.433952 1.000000 \
			-0.694453 0.719523 0.004406 0.000000 \
			-0.719503 -0.694467 0.005340 0.000000 \
			0.006901 0.000538 0.999974 0.000000 \
			54.638947 340.968781 34.117241 1.000000 \
			-0.694453 0.719523 0.004406 0.000000 \
			-0.719503 -0.694467 0.005340 0.000000 \
			0.006902 0.000538 0.999974 0.000000 \
			66.511787 340.968811 34.117241 1.000000 \
			-0.121870 0.000003 -0.992547 0.000000 \
			0.000001 1.000000 0.000003 0.000000 \
			0.992546 -0.000000 -0.121870 0.000000 \
			-26.433813 -0.469577 -30.068621 1.000000 \
			0.000000 -0.000000 -1.000001 0.000000 \
			-0.541701 0.840571 -0.000000 0.000000 \
			0.840571 0.541701 0.000000 0.000000 \
			88.090729 -133.141312 -27.377211 1.000000 \
			-0.615643 0.788024 0.000001 0.000000 \
			0.788024 0.615643 -0.000000 0.000000 \
			-0.000001 0.000001 -0.999999 0.000000 \
			-376.424896 -224.848618 -24.149555 1.000000 \
			0.369546 0.617921 0.693980 0.000000 \
			0.235939 0.659972 -0.713279 0.000000 \
			-0.898758 0.427327 0.098098 0.000000 \
			-74.420860 -141.298462 347.590118 1.000000 \
			0.307210 0.292479 0.905581 0.000000 \
			-0.853206 -0.336826 0.398228 0.000000 \
			0.421497 -0.894987 0.146068 0.000000 \
			189.751816 33.105503 -273.551544 1.000000 \
			0.694442 -0.719522 -0.006167 0.000000 \
			-0.719500 -0.694469 0.005615 0.000000 \
			-0.008323 0.000538 -0.999964 0.000000 \
			52.979572 340.530762 -23.196880 1.000000 \
			0.694442 -0.719522 -0.006167 0.000000 \
			-0.719500 -0.694469 0.005615 0.000000 \
			-0.008323 0.000538 -0.999964 0.000000 \
			54.162453 340.969696 -36.880177 1.000000 \
			0.694441 -0.719522 -0.006167 0.000000 \
			-0.719501 -0.694468 0.005615 0.000000 \
			-0.008323 0.000538 -0.999964 0.000000 \
			66.035301 340.969666 -36.880184 1.000000 \
			0.121869 -0.000001 -0.992547 0.000000 \
			0.000000 1.000000 -0.000000 0.000000 \
			0.992546 -0.000000 0.121869 0.000000 \
			-26.433725 -0.469491 30.067759 1.000000 \
			0.000000 -0.000000 -1.000000 0.000000 \
			-0.541701 0.840571 -0.000000 0.000000 \
			0.840571 0.541701 0.000000 0.000000 \
			88.090668 -133.141235 27.376450 1.000000 \
			0.615646 -0.788022 -0.000002 0.000000 \
			0.788022 0.615646 0.000001 0.000000 \
			0.000001 -0.000002 0.999999 0.000000 \
			-376.424377 -224.849365 24.149433 1.000000 \
			-0.369542 -0.617921 0.693982 0.000000 \
			0.235940 0.659975 0.713277 0.000000 \
			-0.898760 0.427324 -0.098096 0.000000 \
			-74.421005 -141.299103 -347.589691 1.000000 \
			0.000000 0.000000 1.000000 0.000000 \
			0.993571 -0.113201 -0.000000 0.000000 \
			0.113201 0.993571 -0.000000 0.000000 \
			-468.619690 62.785137 0.000497 1.000000
		RotateZYX 		RotateQ -0.000000 -0.000000 -0.000000 1.000000
		DrawPart "Part-2"
		DrawPart "Part-19"
		DrawPart "Part-20"
		DrawPart "Part-21"
		DrawPart "Part-2_0"
		DrawPart "Part-19_0"
		DrawPart "Part-19_1"
		DrawPart "Part-20_0"
		DrawPart "Part-21_0"
	}
	Bone "Bone-5" {
		ParentBone "ParentBoneBone-0_Bone"
		Translate 0.000000 300.119263 -8.622162
		RotateZYX 		RotateQ -0.500000 -0.500000 -0.500000 0.500000
	}
	Bone "Bone-6" {
		ParentBone "ParentBoneBone-5_Bone"
		Translate 8.622160 0.000031 -300.119202
		RotateZYX 		RotateQ 0.000000 -0.000000 0.707106 0.707107
	}
	Bone "Bone-7" {
		ParentBone "ParentBoneBone-5_Bone"
		Translate 0.000000 0.000031 0.000000
		RotateZYX 		RotateQ -0.500000 -0.500000 -0.500000 0.500000
		BlindData "per3Helper" 0 1099927568 -1195315168 -1073444997 1056905988 -1090577693 1056993834 1056993817 0 0
	}
	Bone "Bone-8" {
		ParentBone "ParentBoneBone-7_Bone"
		Translate 28.072815 8.622221 0.000030
		RotateZYX 		RotateQ -0.500000 -0.500000 -0.500000 0.500000
	}
	Bone "Bone-9" {
		ParentBone "ParentBoneBone-7_Bone"
		Translate 29.924042 -0.029448 0.000040
		RotateZYX 		RotateQ -0.000002 -0.000001 -0.030140 0.999546
	}
	Bone "Bone-10" {
		ParentBone "ParentBoneBone-9_Bone"
		Translate -29.871490 -1.773559 -26.022453
		RotateZYX 		RotateQ 0.037889 -0.999277 -0.000207 -0.003113
		Scale 1.000000 1.000001 1.000000
	}
	Bone "Bone-11" {
		ParentBone "ParentBoneBone-10_Bone"
		Translate 140.370682 8.875795 0.480415
		RotateZYX 		RotateQ 0.001591 0.002684 0.485486 0.874239
	}
	Bone "Bone-12" {
		ParentBone "ParentBoneBone-11_Bone"
		Translate 19.142868 0.000000 -0.000002
		RotateZYX 		RotateQ 0.000000 -0.000000 0.000000 1.000000
	}
	Bone "Bone-13" {
		ParentBone "ParentBoneBone-10_Bone"
		Translate 141.765762 0.000000 0.000000
		RotateZYX 		RotateQ -0.000000 0.000000 -0.035210 0.999380
		Scale 1.000001 1.000000 1.000000
	}
	Bone "Bone-14" {
		ParentBone "ParentBoneBone-13_Bone"
		Translate 122.747414 0.000015 0.000000
		RotateZYX 		RotateQ 0.060994 0.005736 0.042687 0.997209
	}
	Bone "Bone-15" {
		ParentBone "ParentBoneBone-14_Bone"
		Translate 35.611721 44.258442 0.000002
		RotateZYX 		RotateQ -0.000000 -0.000000 0.707107 0.707107
	}
	Bone "Bone-16" {
		ParentBone "ParentBoneBone-15_Bone"
		Translate 18.347790 -0.000000 -0.000004
		RotateZYX 		RotateQ -0.000000 0.000000 0.000000 1.000000
	}
	Bone "Bone-17" {
		ParentBone "ParentBoneBone-9_Bone"
		Translate -29.871521 -1.773682 26.022442
		RotateZYX 		RotateQ -0.037889 0.999277 -0.000204 -0.003113
	}
	Bone "Bone-18" {
		ParentBone "ParentBoneBone-17_Bone"
		Translate 140.370682 8.875887 -0.480423
		RotateZYX 		RotateQ -0.001589 -0.002684 0.485486 0.874239
	}
	Bone "Bone-19" {
		ParentBone "ParentBoneBone-18_Bone"
		Translate 19.142860 -0.000015 -0.000002
		RotateZYX 		RotateQ 0.000000 -0.000000 -0.000000 1.000000
	}
	Bone "Bone-20" {
		ParentBone "ParentBoneBone-17_Bone"
		Translate 141.765762 0.000000 0.000002
		RotateZYX 		RotateQ 0.000000 -0.000000 -0.035210 0.999380
	}
	Bone "Bone-21" {
		ParentBone "ParentBoneBone-20_Bone"
		Translate 122.747414 0.000000 0.000004
		RotateZYX 		RotateQ -0.060993 -0.005736 0.042687 0.997209
	}
	Bone "Bone-22" {
		ParentBone "ParentBoneBone-21_Bone"
		Translate 35.611721 44.258446 0.000002
		RotateZYX 		RotateQ 0.000000 0.000000 0.707107 0.707107
	}
	Bone "Bone-23" {
		ParentBone "ParentBoneBone-22_Bone"
		Translate 18.347782 -0.000000 0.000002
		RotateZYX 		RotateQ 0.000000 -0.000000 1.000000 0.000000
		Scale -1.000000 -1.000000 -1.000000
	}
	Bone "Bone-24" {
		ParentBone "ParentBoneBone-9_Bone"
		Translate 37.126099 -0.030425 0.000001
		RotateZYX 		RotateQ 0.000000 -0.000000 -0.000000 1.000000
	}
	Bone "Bone-25" {
		ParentBone "ParentBoneBone-24_Bone"
		Translate 38.168152 -0.036222 -0.000001
		RotateZYX 		RotateQ -0.000000 0.000000 0.026177 0.999657
		Scale 1.000001 1.000001 1.000000
	}
	Bone "Bone-26" {
		ParentBone "ParentBoneBone-25_Bone"
		Translate 8.989410 61.922733 0.000092
		RotateZYX 		RotateQ -0.498013 -0.501979 -0.498013 0.501979
		Scale 1.000000 1.000001 1.000000
	}
	Bone "Bone-27" {
		ParentBone "ParentBoneBone-25_Bone"
		Translate 45.491486 -0.017518 -0.000001
		RotateZYX 		RotateQ -0.000000 -0.000000 0.100188 0.994969
	}
	Bone "Bone-28" {
		ParentBone "ParentBoneBone-27_Bone"
		Translate 10.201111 -0.197128 -0.000042
		RotateZYX 		RotateQ -0.545800 -0.449558 -0.545800 0.449558
	}
	Bone "Bone-29" {
		ParentBone "ParentBoneBone-27_Bone"
		Translate -2.586731 -12.644409 -9.971597
		RotateZYX 		RotateQ -0.520151 0.052584 0.848131 0.085744
		Scale 1.000001 1.000001 1.000000
	}
	Bone "Bone-30" {
		ParentBone "ParentBoneBone-29_Bone"
		Translate 46.782227 -2.253693 -6.369476
		RotateZYX 		RotateQ -0.548783 0.450251 0.448914 0.542759
	}
	Bone "Bone-31" {
		ParentBone "ParentBoneBone-30_Bone"
		Translate 17.091736 -0.000015 0.000000
		RotateZYX 		RotateQ 0.000000 0.000000 0.000000 1.000000
	}
	Bone "Bone-32" {
		ParentBone "ParentBoneBone-29_Bone"
		Translate 53.861389 -0.000002 0.000031
		RotateZYX 		RotateQ -0.008078 -0.165363 0.031452 0.985698
	}
	Bone "Bone-33" {
		ParentBone "ParentBoneBone-32_Bone"
		Translate 84.137909 -0.000031 0.000000
		RotateZYX 		RotateQ -0.000000 -0.000000 -0.032667 0.999466
	}
	Bone "Bone-34" {
		ParentBone "ParentBoneBone-33_Bone"
		Translate 11.966034 9.444824 -2.427979
		RotateZYX 		RotateQ 0.039466 -0.032764 0.845710 0.531173
	}
	Bone "Bone-35" {
		ParentBone "ParentBoneBone-34_Bone"
		Translate 12.079224 -0.000015 0.000031
		RotateZYX 		RotateQ -0.000000 -0.000000 -0.000000 1.000000
	}
	Bone "Bone-36" {
		ParentBone "ParentBoneBone-33_Bone"
		Translate 71.665306 -0.000059 0.000061
		RotateZYX 		RotateQ 0.706825 -0.000000 0.000000 0.707388
	}
	Bone "Bone-37" {
		ParentBone "ParentBoneBone-36_Bone"
		Translate 32.255821 9.748901 -0.467495
		RotateZYX 		RotateQ 0.003227 0.001230 0.920448 0.390849
	}
	Bone "Bone-38" {
		ParentBone "ParentBoneBone-37_Bone"
		Translate 0.428696 0.005310 295.973846
		RotateZYX 		RotateQ -0.707107 -0.000000 0.000000 0.707107
	}
	Bone "Bone-39" {
		ParentBone "ParentBoneBone-37_Bone"
		Translate 0.220718 0.005249 54.188568
		RotateZYX 		RotateQ -0.707107 -0.000000 0.000000 0.707107
	}
	Bone "Bone-40" {
		ParentBone "ParentBoneBone-37_Bone"
		Translate -0.036835 0.005341 164.568405
		RotateZYX 		RotateQ -0.707107 -0.000000 0.000000 0.707107
	}
	Bone "Bone-41" {
		BoundingBox -6.844559 -5.920776 -57.259766 6.842854 5.935944 305.730530
		ParentBone "ParentBoneBone-37_Bone"
		RotateZYX 		RotateQ 0.000000 0.000000 0.000000 1.000000
		DrawPart "Part-3"
		DrawPart "Part-3_0"
	}
	Bone "Bone-42" {
		BoundingBox -9.402397 -8.144989 -57.259766 9.400692 8.143036 53.060822
		ParentBone "ParentBoneBone-37_Bone"
		RotateZYX 		RotateQ 0.000000 0.000000 0.000000 1.000000
		DrawPart "Part-4"
		DrawPart "Part-4_0"
		BlindData "per3Helper" 311 1065353216 0 0 0 1065353216 0 0 0 1065353216
	}
	Bone "Bone-43" {
		ParentBone "ParentBoneBone-36_Bone"
		Translate 32.528076 -3.284393 -4.320677
		RotateZYX 		RotateQ 0.000398 -0.000000 -0.000000 1.000000
	}
	Bone "Bone-44" {
		ParentBone "ParentBoneBone-43_Bone"
		Translate 11.872742 -0.000061 0.000008
		RotateZYX 		RotateQ 0.000000 0.000000 -0.000000 1.000000
	}
	Bone "Bone-45" {
		ParentBone "ParentBoneBone-44_Bone"
		Translate 11.872772 0.000031 -0.000004
		RotateZYX 		RotateQ -0.000000 0.000000 -0.000000 1.000000
	}
	Bone "Bone-46" {
		ParentBone "ParentBoneBone-45_Bone"
		Translate 14.128586 0.000000 0.000000
		RotateZYX 		RotateQ 0.000000 -0.000000 1.000000 0.000000
		Scale -1.000000 -1.000000 -1.000000
	}
	Bone "Bone-47" {
		ParentBone "ParentBoneBone-36_Bone"
		Translate 32.528107 -2.856415 9.362967
		RotateZYX 		RotateQ 0.000398 -0.000000 -0.000000 1.000000
	}
	Bone "Bone-48" {
		ParentBone "ParentBoneBone-47_Bone"
		Translate 13.484360 0.000031 -0.000006
		RotateZYX 		RotateQ 0.000000 0.000000 -0.000000 1.000000
	}
	Bone "Bone-49" {
		ParentBone "ParentBoneBone-48_Bone"
		Translate 11.443985 0.000000 0.000002
		RotateZYX 		RotateQ -0.000000 0.000000 -0.000000 1.000000
	}
	Bone "Bone-50" {
		ParentBone "ParentBoneBone-49_Bone"
		Translate 11.355209 -0.000031 -0.000002
		RotateZYX 		RotateQ 0.000000 -0.000000 1.000000 0.000000
		Scale -1.000000 -1.000000 -1.000000
	}
	Bone "Bone-51" {
		ParentBone "ParentBoneBone-36_Bone"
		Translate 12.931435 0.755707 11.386732
		RotateZYX 		RotateQ -0.697977 -0.295236 -0.031280 0.651679
	}
	Bone "Bone-52" {
		ParentBone "ParentBoneBone-51_Bone"
		Translate 16.935760 -0.000008 0.000000
		RotateZYX 		RotateQ 0.000000 -0.000000 0.000000 1.000000
	}
	Bone "Bone-53" {
		ParentBone "ParentBoneBone-52_Bone"
		Translate 9.162918 -0.000019 0.000031
		RotateZYX 		RotateQ 0.000000 0.000000 0.000000 1.000000
	}
	Bone "Bone-54" {
		ParentBone "ParentBoneBone-53_Bone"
		Translate 8.945206 -0.000027 0.000000
		RotateZYX 		RotateQ 0.000000 -0.000000 1.000000 0.000000
		Scale -1.000000 -1.000000 -1.000000
	}
	Bone "Bone-55" {
		ParentBone "ParentBoneBone-27_Bone"
		Translate -2.586761 -12.644470 9.971523
		RotateZYX 		RotateQ 0.520151 -0.052587 0.848131 0.085743
		Scale 1.000000 1.000001 1.000000
	}
	Bone "Bone-56" {
		ParentBone "ParentBoneBone-55_Bone"
		Translate 46.782257 -2.253815 6.369507
		RotateZYX 		RotateQ 0.548783 -0.450252 0.448913 0.542760
	}
	Bone "Bone-57" {
		ParentBone "ParentBoneBone-56_Bone"
		Translate 17.091766 0.000031 0.000004
		RotateZYX 		RotateQ -0.000000 -0.000000 -0.000000 1.000000
	}
	Bone "Bone-58" {
		ParentBone "ParentBoneBone-55_Bone"
		Translate 53.861404 0.000002 0.000000
		RotateZYX 		RotateQ 0.008065 0.165361 0.031375 0.985701
	}
	Bone "Bone-59" {
		ParentBone "ParentBoneBone-58_Bone"
		Translate 84.137939 -0.000031 -0.000061
		RotateZYX 		RotateQ 0.000000 -0.000000 -0.024979 0.999688
	}
	Bone "Bone-60" {
		ParentBone "ParentBoneBone-59_Bone"
		Translate 12.107864 9.274410 2.427704
		RotateZYX 		RotateQ -0.039214 0.033064 0.841641 0.537596
		Scale 1.000001 1.000000 1.000000
	}
	Bone "Bone-61" {
		ParentBone "ParentBoneBone-60_Bone"
		Translate 12.079254 -0.000046 0.000031
		RotateZYX 		RotateQ 0.000000 0.000000 -0.000000 1.000000
	}
	Bone "Bone-62" {
		ParentBone "ParentBoneBone-59_Bone"
		Translate 71.665321 -0.000034 0.000000
		RotateZYX 		RotateQ -0.706825 0.000000 -0.000000 0.707388
	}
	Bone "Bone-63" {
		ParentBone "ParentBoneBone-62_Bone"
		Translate 32.528099 -3.284454 4.320686
		RotateZYX 		RotateQ -0.000398 -0.000000 -0.000000 1.000000
	}
	Bone "Bone-64" {
		ParentBone "ParentBoneBone-63_Bone"
		Translate 11.872726 0.000000 0.000004
		RotateZYX 		RotateQ -0.000000 -0.000000 -0.000000 1.000000
	}
	Bone "Bone-65" {
		ParentBone "ParentBoneBone-64_Bone"
		Translate 11.872818 -0.000031 -0.000004
		RotateZYX 		RotateQ -0.000000 -0.000000 -0.000000 1.000000
	}
	Bone "Bone-66" {
		ParentBone "ParentBoneBone-65_Bone"
		Translate 14.128540 0.000031 0.000000
		RotateZYX 		RotateQ 0.000000 0.000000 -0.000000 1.000000
	}
	Bone "Bone-67" {
		ParentBone "ParentBoneBone-62_Bone"
		Translate 32.528130 -2.856415 -9.362961
		RotateZYX 		RotateQ -0.000398 -0.000000 -0.000000 1.000000
	}
	Bone "Bone-68" {
		ParentBone "ParentBoneBone-67_Bone"
		Translate 13.484421 0.000061 0.000002
		RotateZYX 		RotateQ -0.000000 -0.000000 -0.000000 1.000000
	}
	Bone "Bone-69" {
		ParentBone "ParentBoneBone-68_Bone"
		Translate 11.443970 -0.000122 -0.000004
		RotateZYX 		RotateQ -0.000000 -0.000000 -0.000000 1.000000
	}
	Bone "Bone-70" {
		ParentBone "ParentBoneBone-69_Bone"
		Translate 11.355270 0.000031 0.000000
		RotateZYX 		RotateQ 0.000000 0.000000 -0.000000 1.000000
	}
	Bone "Bone-71" {
		ParentBone "ParentBoneBone-62_Bone"
		Translate 10.960526 2.805328 -10.521626
		RotateZYX 		RotateQ 0.697977 0.295236 -0.031281 0.651679
		Scale 1.000000 1.000000 1.000001
	}
	Bone "Bone-72" {
		ParentBone "ParentBoneBone-71_Bone"
		Translate 16.935760 0.000000 -0.000031
		RotateZYX 		RotateQ 0.000000 -0.000000 0.000000 1.000000
	}
	Bone "Bone-73" {
		ParentBone "ParentBoneBone-72_Bone"
		Translate 9.162842 0.000015 0.000000
		RotateZYX 		RotateQ 0.000000 -0.000000 -0.000000 1.000000
	}
	Bone "Bone-74" {
		ParentBone "ParentBoneBone-73_Bone"
		Translate 8.945221 -0.000034 0.000031
		RotateZYX 		RotateQ 0.000000 -0.000000 0.000000 1.000000
	}
	Bone "Bone-75" {
		ParentBone "ParentBoneBone-27_Bone"
		Translate 22.444305 -0.000053 -0.000002
		RotateZYX 		RotateQ -0.000000 0.000000 -0.039658 0.999213
	}
	Bone "Bone-76" {
		ParentBone "ParentBoneBone-75_Bone"
		Translate 17.037415 7.452240 -0.000031
		RotateZYX 		RotateQ -0.527542 -0.470850 -0.527542 0.470850
	}
	Bone "Bone-77" {
		ParentBone "ParentBoneBone-75_Bone"
		Translate 84.089111 -8.880337 -0.000063
		RotateZYX 		RotateQ -0.527542 -0.470850 -0.527542 0.470850
	}
	Bone "Bone-78" {
		ParentBone "ParentBoneBone-75_Bone"
		Translate 28.408203 0.698551 -8.751946
		RotateZYX 		RotateQ -0.803668 -0.592772 0.042118 -0.031065
	}
	Bone "Bone-79" {
		ParentBone "ParentBoneBone-78_Bone"
		Translate 21.112663 0.000000 -0.000001
		RotateZYX 		RotateQ 0.000000 -0.000000 -0.000000 1.000000
	}
	Bone "Bone-80" {
		ParentBone "ParentBoneBone-75_Bone"
		Translate 28.476624 0.690765 8.735805
		RotateZYX 		RotateQ -0.804290 -0.592297 -0.038633 0.028451
	}
	Bone "Bone-81" {
		ParentBone "ParentBoneBone-80_Bone"
		Translate 20.945557 0.000031 -0.000002
		RotateZYX 		RotateQ 0.000000 -0.000000 -0.000000 1.000000
	}
	Bone "Bone-82" {
		ParentBone "ParentBoneBone-75_Bone"
		Translate 10.109863 -0.452881 0.000000
		RotateZYX 		RotateQ 0.605853 0.795576 0.000001 -0.000000
	}
	Bone "Bone-83" {
		ParentBone "ParentBoneBone-82_Bone"
		Translate 28.482605 -0.000092 0.000029
		RotateZYX 		RotateQ 0.000000 0.000000 0.000000 1.000000
	}
	Bone "Bone-84" {
		ParentBone "ParentBoneBone-75_Bone"
		Translate 54.567200 -0.000034 -0.000005
		RotateZYX 		RotateQ 0.000000 0.000000 0.000000 1.000000
	}
	Bone "Bone-85" {
		ParentBone "ParentBoneBone-5_Bone"
		Translate 0.000000 0.000031 -300.103790
		RotateZYX 		RotateQ 0.000000 -0.000000 0.707106 0.707107
	}
	Part "Part-0_0" {
		BoundingBox -13.166435 496.877930 3.110291 13.156178 505.697754 10.749588
		Mesh "Mesh-0" {
			SetMaterial "Material-0"
			BlendSubset 1 0
			DrawArrays "Arrays-0" TRIANGLES 840 1 0 1 2 3 4 5 6 7 8 9 10 11 12 13 14 15 16 17 18 19 20 21 22 23 24 25 26 27 28 29 30 31 32 33 34 35 36 37 38 39 40 41 42 43 44 45 46 47 48 49 50 51 52 53 54 55 56 57 58 59 60 61 62 63 64 65 66 67 68 69 70 71 72 73 74 75 76 77 78 79 80 81 82 83 84 85 86 87 88 89 90 91 92 93 94 95 96 97 98 99 100 101 102 103 104 105 106 107 108 109 110 111 112 113 114 115 116 117 118 119 120 121 122 123 124 125 126 127 128 129 130 131 132 133 134 135 136 137 138 139 140 141 142 143 144 145 146 147 148 149 150 151 152 153 154 155 156 157 158 159 160 161 162 163 164 165 166 167 168 169 170 171 172 173 174 175 176 177 178 179 180 181 182 183 184 185 186 187 188 189 190 191 192 193 194 195 196 197 198 199 200 201 202 203 204 205 206 207 208 209 210 211 212 213 214 215 216 217 218 219 220 221 222 223 224 225 226 227 228 229 230 231 232 233 234 235 236 237 238 239 240 241 242 243 244 245 246 247 248 249 250 251 252 253 254 255 256 257 258 259 260 261 262 263 264 265 266 267 268 269 270 271 272 273 274 275 276 277 278 279 280 281 282 283 284 285 286 287 288 289 290 291 292 293 294 295 296 297 298 299 300 301 302 303 304 305 306 307 308 309 310 311 312 313 314 315 316 317 318 319 320 321 322 323 324 325 326 327 328 329 330 331 332 333 334 335 336 337 338 339 340 341 342 343 344 345 346 347 348 349 350 351 352 353 354 355 356 357 358 359 360 361 362 363 364 365 366 367 368 369 370 371 372 373 374 375 376 377 378 379 380 381 382 383 384 385 386 387 388 389 390 391 392 393 394 395 396 397 398 399 400 401 402 403 404 405 406 407 408 409 410 411 412 413 414 415 416 417 418 419 420 421 422 423 424 425 426 427 428 429 430 431 432 433 434 435 436 437 438 439 440 441 442 443 444 445 446 447 448 449 450 451 452 453 454 455 456 457 458 459 460 461 462 463 464 465 466 467 468 469 470 471 472 473 474 475 476 477 478 479 480 481 482 483 484 485 486 487 488 489 490 491 492 493 494 495 496 497 498 499 500 501 502 503 504 505 506 507 508 509 510 511 512 513 514 515 516 517 518 519 520 521 522 523 524 525 526 527 528 529 530 531 532 533 534 535 536 537 538 539 540 541 542 543 544 545 546 547 548 549 550 551 552 553 554 555 556 557 558 559 560 561 562 563 564 565 566 567 568 569 570 571 572 573 574 575 576 577 578 579 580 581 582 583 584 585 586 587 588 589 590 591 592 593 594 595 596 597 598 599 600 601 602 603 604 605 606 607 608 609 610 611 612 613 614 615 616 617 618 619 620 621 622 623 624 625 626 627 628 629 630 631 632 633 634 635 636 637 638 639 640 641 642 643 644 645 646 647 648 649 650 651 652 653 654 655 656 657 658 659 660 661 662 663 664 665 666 667 668 669 670 671 672 673 674 675 676 677 678 679 680 681 682 683 684 685 686 687 688 689 690 691 692 693 694 695 696 697 698 699 700 701 702 703 704 705 706 707 708 709 710 711 712 713 714 715 716 717 718 719 720 721 722 723 724 725 726 727 728 729 730 731 732 733 734 735 736 737 738 739 740 741 742 743 744 745 746 747 748 749 750 751 752 753 754 755 756 757 758 759 760 761 762 763 764 765 766 767 768 769 770 771 772 773 774 775 776 777 778 779 780 781 782 783 784 785 786 787 788 789 790 791 792 793 794 795 796 797 798 799 800 801 802 803 804 805 806 807 808 809 810 811 812 813 814 815 816 817 818 819 820 821 822 823 824 825 826 827 828 829 830 831 832 833 834 835 836 837 838 839
		}
		Arrays "Arrays-0" VERTEX|NORMAL|TEXCOORD|WEIGHT 840 1 0 {
			-7.075539 502.335785 3.401154 0.287994 0.209229 -0.934479 0.930475 0.243501 1.000000
			-7.973770 502.985931 3.401154 0.110016 0.338562 -0.934479 0.926017 0.240239 1.000000
			-7.511826 504.414551 4.230957 0.191345 0.610535 -0.768524 0.928358 0.232999 1.000000
			-7.511826 504.414551 4.230957 0.191345 0.610535 -0.768524 0.928358 0.232999 1.000000
			-5.869331 503.225464 4.230957 0.537292 0.380646 -0.752625 0.936583 0.239017 1.000000
			-7.075539 502.335785 3.401154 0.287994 0.209229 -0.934479 0.930475 0.243501 1.000000
			-7.973770 502.985931 3.401154 0.110016 0.338562 -0.934479 0.926017 0.240239 1.000000
			-9.068764 502.985931 3.401154 -0.110016 0.338562 -0.934509 0.920524 0.240239 1.000000
			-9.539268 504.414551 4.230957 -0.204712 0.630005 -0.749146 0.918183 0.232999 1.000000
			-9.539268 504.414551 4.230957 -0.204712 0.630005 -0.749146 0.918183 0.232999 1.000000
			-7.511826 504.414551 4.230957 0.191345 0.610535 -0.768524 0.928358 0.232999 1.000000
			-7.973770 502.985931 3.401154 0.110016 0.338562 -0.934479 0.926017 0.240239 1.000000
			-9.068764 502.985931 3.401154 -0.110016 0.338562 -0.934509 0.920524 0.240239 1.000000
			-9.958450 502.335785 3.401154 -0.287994 0.209229 -0.934479 0.916067 0.243501 1.000000
			-11.181763 503.225464 4.230957 -0.535919 0.389343 -0.749146 0.909959 0.239017 1.000000
			-11.181763 503.225464 4.230957 -0.535919 0.389343 -0.749146 0.909959 0.239017 1.000000
			-9.539268 504.414551 4.230957 -0.204712 0.630005 -0.749146 0.918183 0.232999 1.000000
			-9.068764 502.985931 3.401154 -0.110016 0.338562 -0.934509 0.920524 0.240239 1.000000
			-9.958450 502.335785 3.401154 -0.287994 0.209229 -0.934479 0.916067 0.243501 1.000000
			-10.300636 501.292114 3.401154 -0.355988 0.000000 -0.934479 0.914371 0.248775 1.000000
			-11.806252 501.292114 4.230957 -0.662415 0.000000 -0.749146 0.906822 0.248775 1.000000
			-11.806252 501.292114 4.230957 -0.662415 0.000000 -0.749146 0.906822 0.248775 1.000000
			-11.181763 503.225464 4.230957 -0.535919 0.389343 -0.749146 0.909959 0.239017 1.000000
			-9.958450 502.335785 3.401154 -0.287994 0.209229 -0.934479 0.916067 0.243501 1.000000
			-10.300636 501.292114 3.401154 -0.355988 0.000000 -0.934479 0.914371 0.248775 1.000000
			-9.958450 500.239899 3.401154 -0.287994 -0.209229 -0.934479 0.916067 0.254063 1.000000
			-11.181763 499.367310 4.230957 -0.535919 -0.389343 -0.749146 0.909959 0.258547 1.000000
			-11.181763 499.367310 4.230957 -0.535919 -0.389343 -0.749146 0.909959 0.258547 1.000000
			-11.806252 501.292114 4.230957 -0.662415 0.000000 -0.749146 0.906822 0.248775 1.000000
			-10.300636 501.292114 3.401154 -0.355988 0.000000 -0.934479 0.914371 0.248775 1.000000
			-9.958450 500.239899 3.401154 -0.287994 -0.209229 -0.934479 0.916067 0.254063 1.000000
			-9.068764 499.598297 3.401154 -0.110016 -0.338562 -0.934509 0.920524 0.257326 1.000000
			-9.539268 498.161133 4.230957 -0.204712 -0.630005 -0.749115 0.918183 0.264566 1.000000
			-9.539268 498.161133 4.230957 -0.204712 -0.630005 -0.749115 0.918183 0.264566 1.000000
			-11.181763 499.367310 4.230957 -0.535919 -0.389343 -0.749146 0.909959 0.258547 1.000000
			-9.958450 500.239899 3.401154 -0.287994 -0.209229 -0.934479 0.916067 0.254063 1.000000
			-9.068764 499.598297 3.401154 -0.110016 -0.338562 -0.934509 0.920524 0.257326 1.000000
			-7.973770 499.598297 3.401154 0.110016 -0.338562 -0.934509 0.926017 0.257326 1.000000
			-7.511826 498.161133 4.230957 0.204712 -0.630005 -0.749115 0.928358 0.264566 1.000000
			-7.511826 498.161133 4.230957 0.204712 -0.630005 -0.749115 0.928358 0.264566 1.000000
			-9.539268 498.161133 4.230957 -0.204712 -0.630005 -0.749115 0.918183 0.264566 1.000000
			-9.068764 499.598297 3.401154 -0.110016 -0.338562 -0.934509 0.920524 0.257326 1.000000
			-7.973770 499.598297 3.401154 0.110016 -0.338562 -0.934509 0.926017 0.257326 1.000000
			-7.075539 500.239899 3.401154 0.287994 -0.209229 -0.934479 0.930475 0.254063 1.000000
			-5.869331 499.367310 4.230957 0.535919 -0.389343 -0.749146 0.936583 0.258547 1.000000
			-5.869331 499.367310 4.230957 0.535919 -0.389343 -0.749146 0.936583 0.258547 1.000000
			-7.511826 498.161133 4.230957 0.204712 -0.630005 -0.749115 0.928358 0.264566 1.000000
			-7.973770 499.598297 3.401154 0.110016 -0.338562 -0.934509 0.926017 0.257326 1.000000
			-7.075539 500.239899 3.401154 0.287994 -0.209229 -0.934479 0.930475 0.254063 1.000000
			-6.750458 501.292114 3.401154 0.355988 0.000000 -0.934479 0.932171 0.248775 1.000000
			-5.244843 501.292114 4.230957 0.662415 0.000000 -0.749146 0.939719 0.248775 1.000000
			-5.244843 501.292114 4.230957 0.662415 0.000000 -0.749146 0.939719 0.248775 1.000000
			-5.869331 499.367310 4.230957 0.535919 -0.389343 -0.749146 0.936583 0.258547 1.000000
			-7.075539 500.239899 3.401154 0.287994 -0.209229 -0.934479 0.930475 0.254063 1.000000
			-6.750458 501.292114 3.401154 0.355988 0.000000 -0.934479 0.932171 0.248775 1.000000
			-7.075539 502.335785 3.401154 0.287994 0.209229 -0.934479 0.930475 0.243501 1.000000
			-5.869331 503.225464 4.230957 0.537292 0.380646 -0.752625 0.936583 0.239017 1.000000
			-5.869331 503.225464 4.230957 0.537292 0.380646 -0.752625 0.936583 0.239017 1.000000
			-5.244843 501.292114 4.230957 0.662415 0.000000 -0.749146 0.939719 0.248775 1.000000
			-6.750458 501.292114 3.401154 0.355988 0.000000 -0.934479 0.932171 0.248775 1.000000
			-5.869331 503.225464 4.230957 0.537292 0.380646 -0.752625 0.936583 0.239017 1.000000
			-7.511826 504.414551 4.230957 0.191345 0.610535 -0.768524 0.928358 0.232999 1.000000
			-7.195305 505.518097 5.471375 0.278839 0.867889 -0.411133 0.929904 0.228157 1.000000
			-7.195305 505.518097 5.471375 0.278839 0.867889 -0.411133 0.929904 0.228157 1.000000
			-5.056641 503.815735 5.471375 0.739624 0.523987 -0.422333 0.940650 0.236038 1.000000
			-5.869331 503.225464 4.230957 0.537292 0.380646 -0.752625 0.936583 0.239017 1.000000
			-7.511826 504.414551 4.230957 0.191345 0.610535 -0.768524 0.928358 0.232999 1.000000
			-9.539268 504.414551 4.230957 -0.204712 0.630005 -0.749146 0.918183 0.232999 1.000000
			-9.847237 505.372681 5.471375 -0.297241 0.850861 -0.433228 0.916622 0.228157 1.000000
			-9.847237 505.372681 5.471375 -0.297241 0.850861 -0.433228 0.916622 0.228157 1.000000
			-7.195305 505.518097 5.471375 0.278839 0.867889 -0.411133 0.929904 0.228157 1.000000
			-7.511826 504.414551 4.230957 0.191345 0.610535 -0.768524 0.928358 0.232999 1.000000
			-9.539268 504.414551 4.230957 -0.204712 0.630005 -0.749146 0.918183 0.232999 1.000000
			-11.181763 503.225464 4.230957 -0.535919 0.389343 -0.749146 0.909959 0.239017 1.000000
			-11.994453 503.815735 5.471375 -0.731506 0.531494 -0.427094 0.905877 0.236038 1.000000
			-11.994453 503.815735 5.471375 -0.731506 0.531494 -0.427094 0.905877 0.236038 1.000000
			-9.847237 505.372681 5.471375 -0.297241 0.850861 -0.433228 0.916622 0.228157 1.000000
			-9.539268 504.414551 4.230957 -0.204712 0.630005 -0.749146 0.918183 0.232999 1.000000
			-11.181763 503.225464 4.230957 -0.535919 0.389343 -0.749146 0.909959 0.239017 1.000000
			-11.806252 501.292114 4.230957 -0.662415 0.000000 -0.749146 0.906822 0.248775 1.000000
			-12.807144 501.292114 5.471375 -0.904205 0.000000 -0.427094 0.901780 0.248775 1.000000
			-12.807144 501.292114 5.471375 -0.904205 0.000000 -0.427094 0.901780 0.248775 1.000000
			-11.994453 503.815735 5.471375 -0.731506 0.531494 -0.427094 0.905877 0.236038 1.000000
			-11.181763 503.225464 4.230957 -0.535919 0.389343 -0.749146 0.909959 0.239017 1.000000
			-11.806252 501.292114 4.230957 -0.662415 0.000000 -0.749146 0.906822 0.248775 1.000000
			-11.181763 499.367310 4.230957 -0.535919 -0.389343 -0.749146 0.909959 0.258547 1.000000
			-11.994453 498.777039 5.471375 -0.731506 -0.531494 -0.427094 0.905877 0.261527 1.000000
